{
 "cells": [
  {
   "cell_type": "markdown",
   "metadata": {
    "id": "RgMyA5dmwFJO"
   },
   "source": [
    "# <font color=#023F7C> **Machine Learning, Explainability and Deep Learning** </font>\n",
    "\n",
    "<font color=#023F7C>**Hi! PARIS DataBootcamp 2024 🚀**</font> <br>\n",
    "\n",
    "\n",
    "<img src = https://www.hi-paris.fr/wp-content/uploads/2020/09/logo-hi-paris-retina.png width = \"300\" height = \"200\" >\n",
    "\n",
    "\n",
    "**Name**: Tristan Waddington           <br>\n",
    "**School**: IPP         <br>\n",
    "**Group number**: 1    <br>\n",
    "**Track**: Intermediate"
   ]
  },
  {
   "cell_type": "markdown",
   "metadata": {
    "id": "epycO8NUwFJQ"
   },
   "source": [
    "# **1. Important guidelines**\n",
    "\n",
    "\n",
    "**<font size='5'><u>Goal of this practical session</u>**</font> <br>\n",
    "Your goal is to build a Machine Learning model that can **predict whether a professional tennis player will win a match or not**. <br>\n",
    "\n",
    "To achieve this goal, you were provided a dataset called `tennis_matches.csv` with 21 variables and around 28000 rows/players. <br>\n",
    "The dataset contains some characteristics for each player (height, age, ranking, hand...) as well as match statistics (number of aces, who won the first set, ...). <br>\n",
    "You have access to a pdf file called `dataset_tennis_prediction_DB2024.pdf` which contains a description of each variable.\n",
    "\n",
    "The variable to predict is `won`, which is equal to 1 if the player won the match and 0 if the player didn't."
   ]
  },
  {
   "cell_type": "markdown",
   "metadata": {
    "id": "yISGPg8WwFJQ"
   },
   "source": [
    "**<font size='5'><u>How to work on this notebook</u>**</font> <br>\n",
    "The notebook is split in three parts: Machine Learning, Explainability and Deep Learning.\n",
    "\n",
    "- **Beginner track**: You only have to complete the Machine Learning section.\n",
    "- **Intermediate track**: Please complete Machine Learning and Explainability (Deep Learning is optional)"
   ]
  },
  {
   "cell_type": "markdown",
   "metadata": {
    "id": "SGP2HYohwFJR"
   },
   "source": [
    "**<font size='5'><u>Bootcamp deliverables</u>**</font> <br>\n",
    "\n",
    "Here are the two deadlines for the bootcamp deliverables:\n",
    "- <u>**Friday 12:30 PM**</u>: <br> Send us the \"Data visualisation\" and \"Machine Learning, Explainability and Deep Learning\" notebooks (no need to send us data cleaning) <br>\n",
    "    - **Each group member should send his own notebooks** (we won't accept one notebook per group)\n",
    "    - Don't forget to complete the start of the notebook with your information (name, school, group number and track)\n",
    "    \n",
    "- <u>**Friday 2:30PM**</u>: <br>Send us the group slides <br>\n",
    "    - You can send us a single powerpoint per group (no need to send us one per group member)\n",
    "    - Don't forget to add your group number as well as who is in your group (name, school and track) to the slides\n",
    "\n",
    "Send both the notebooks and the slides at `data-event@hi-paris.fr`"
   ]
  },
  {
   "cell_type": "markdown",
   "metadata": {
    "id": "1qfwFdDPwFJR"
   },
   "source": [
    "**<font size='5'><u>Need help ? 🙏</u>**</font> <br>\n",
    "\n",
    "We will drop later in the week to the Machine Learning course (Beginner track) on HFactory the `Machine_Learning_Beginner_DB2024.ipynb` notebook for those who need help with the Machine Learning part.\n",
    "\n",
    "**Don't hesitate to ask questions to the bootcamp organizers/staff members if you need help.**\n"
   ]
  },
  {
   "cell_type": "markdown",
   "metadata": {
    "id": "xCheKJQBwFJR"
   },
   "source": [
    "# **2. Machine Learning**\n",
    "\n",
    "Let's start by importing the libraries we used in two previous notebooks."
   ]
  },
  {
   "cell_type": "code",
   "execution_count": 1,
   "metadata": {
    "executionInfo": {
     "elapsed": 3975,
     "status": "ok",
     "timestamp": 1723469147283,
     "user": {
      "displayName": "Pierre-antoine AMIAND-LEROY",
      "userId": "12056388955665945864"
     },
     "user_tz": -120
    },
    "id": "ZyhKqCkh5D8S",
    "tags": []
   },
   "outputs": [],
   "source": [
    "import pandas as pd\n",
    "\n",
    "pd.set_option(\"display.max_columns\", None)  # Show all columns\n",
    "\n",
    "import numpy as np\n",
    "import matplotlib.pyplot as plt\n",
    "import seaborn as sns"
   ]
  },
  {
   "cell_type": "markdown",
   "metadata": {
    "id": "XcOZ9GW8wFJS"
   },
   "source": [
    "Now load the `tennis_matches.csv` dataset using `pd.read_csv()`"
   ]
  },
  {
   "cell_type": "code",
   "execution_count": 2,
   "metadata": {
    "colab": {
     "base_uri": "https://localhost:8080/",
     "height": 316
    },
    "executionInfo": {
     "elapsed": 512,
     "status": "error",
     "timestamp": 1723469147791,
     "user": {
      "displayName": "Pierre-antoine AMIAND-LEROY",
      "userId": "12056388955665945864"
     },
     "user_tz": -120
    },
    "id": "dVLd2Z_jwFJT",
    "outputId": "711db0fb-771b-44a8-8dbc-b9456b46260f",
    "tags": []
   },
   "outputs": [
    {
     "data": {
      "text/html": [
       "<div>\n",
       "<style scoped>\n",
       "    .dataframe tbody tr th:only-of-type {\n",
       "        vertical-align: middle;\n",
       "    }\n",
       "\n",
       "    .dataframe tbody tr th {\n",
       "        vertical-align: top;\n",
       "    }\n",
       "\n",
       "    .dataframe thead th {\n",
       "        text-align: right;\n",
       "    }\n",
       "</style>\n",
       "<table border=\"1\" class=\"dataframe\">\n",
       "  <thead>\n",
       "    <tr style=\"text-align: right;\">\n",
       "      <th></th>\n",
       "      <th>hand</th>\n",
       "      <th>age</th>\n",
       "      <th>ace</th>\n",
       "      <th>df</th>\n",
       "      <th>svpt</th>\n",
       "      <th>1stIn</th>\n",
       "      <th>1stWon</th>\n",
       "      <th>2ndWon</th>\n",
       "      <th>SvGms</th>\n",
       "      <th>bpSaved</th>\n",
       "      <th>bpFaced</th>\n",
       "      <th>rank</th>\n",
       "      <th>rank_points</th>\n",
       "      <th>won</th>\n",
       "      <th>surface</th>\n",
       "      <th>draw_size</th>\n",
       "      <th>tourney_level</th>\n",
       "      <th>tourney_date</th>\n",
       "      <th>best_of</th>\n",
       "      <th>round</th>\n",
       "      <th>minutes</th>\n",
       "    </tr>\n",
       "  </thead>\n",
       "  <tbody>\n",
       "    <tr>\n",
       "      <th>0</th>\n",
       "      <td>R</td>\n",
       "      <td>23.7</td>\n",
       "      <td>10.0</td>\n",
       "      <td>9.0</td>\n",
       "      <td>104.0</td>\n",
       "      <td>64.0</td>\n",
       "      <td>41.0</td>\n",
       "      <td>24.0</td>\n",
       "      <td>15.0</td>\n",
       "      <td>6.0</td>\n",
       "      <td>10.0</td>\n",
       "      <td>172.0</td>\n",
       "      <td>389.0</td>\n",
       "      <td>0</td>\n",
       "      <td>Hard</td>\n",
       "      <td>128</td>\n",
       "      <td>G</td>\n",
       "      <td>2021</td>\n",
       "      <td>5</td>\n",
       "      <td>R64</td>\n",
       "      <td>124.0</td>\n",
       "    </tr>\n",
       "    <tr>\n",
       "      <th>1</th>\n",
       "      <td>R</td>\n",
       "      <td>21.7</td>\n",
       "      <td>3.0</td>\n",
       "      <td>7.0</td>\n",
       "      <td>109.0</td>\n",
       "      <td>60.0</td>\n",
       "      <td>40.0</td>\n",
       "      <td>20.0</td>\n",
       "      <td>14.0</td>\n",
       "      <td>9.0</td>\n",
       "      <td>12.0</td>\n",
       "      <td>54.0</td>\n",
       "      <td>945.0</td>\n",
       "      <td>0</td>\n",
       "      <td>Grass</td>\n",
       "      <td>32</td>\n",
       "      <td>A</td>\n",
       "      <td>2018</td>\n",
       "      <td>3</td>\n",
       "      <td>R16</td>\n",
       "      <td>131.0</td>\n",
       "    </tr>\n",
       "    <tr>\n",
       "      <th>2</th>\n",
       "      <td>R</td>\n",
       "      <td>29.1</td>\n",
       "      <td>7.0</td>\n",
       "      <td>4.0</td>\n",
       "      <td>97.0</td>\n",
       "      <td>55.0</td>\n",
       "      <td>43.0</td>\n",
       "      <td>17.0</td>\n",
       "      <td>14.0</td>\n",
       "      <td>8.0</td>\n",
       "      <td>11.0</td>\n",
       "      <td>10.0</td>\n",
       "      <td>2555.0</td>\n",
       "      <td>0</td>\n",
       "      <td>Hard</td>\n",
       "      <td>32</td>\n",
       "      <td>A</td>\n",
       "      <td>2020</td>\n",
       "      <td>3</td>\n",
       "      <td>SF</td>\n",
       "      <td>141.0</td>\n",
       "    </tr>\n",
       "    <tr>\n",
       "      <th>3</th>\n",
       "      <td>R</td>\n",
       "      <td>28.8</td>\n",
       "      <td>5.0</td>\n",
       "      <td>4.0</td>\n",
       "      <td>91.0</td>\n",
       "      <td>62.0</td>\n",
       "      <td>40.0</td>\n",
       "      <td>13.0</td>\n",
       "      <td>16.0</td>\n",
       "      <td>1.0</td>\n",
       "      <td>6.0</td>\n",
       "      <td>37.0</td>\n",
       "      <td>1103.0</td>\n",
       "      <td>0</td>\n",
       "      <td>Clay</td>\n",
       "      <td>32</td>\n",
       "      <td>A</td>\n",
       "      <td>2022</td>\n",
       "      <td>3</td>\n",
       "      <td>QF</td>\n",
       "      <td>145.0</td>\n",
       "    </tr>\n",
       "    <tr>\n",
       "      <th>4</th>\n",
       "      <td>L</td>\n",
       "      <td>22.7</td>\n",
       "      <td>3.0</td>\n",
       "      <td>11.0</td>\n",
       "      <td>104.0</td>\n",
       "      <td>65.0</td>\n",
       "      <td>50.0</td>\n",
       "      <td>18.0</td>\n",
       "      <td>15.0</td>\n",
       "      <td>3.0</td>\n",
       "      <td>5.0</td>\n",
       "      <td>14.0</td>\n",
       "      <td>2593.0</td>\n",
       "      <td>1</td>\n",
       "      <td>Hard</td>\n",
       "      <td>128</td>\n",
       "      <td>G</td>\n",
       "      <td>2022</td>\n",
       "      <td>5</td>\n",
       "      <td>R16</td>\n",
       "      <td>141.0</td>\n",
       "    </tr>\n",
       "  </tbody>\n",
       "</table>\n",
       "</div>"
      ],
      "text/plain": [
       "  hand   age   ace    df   svpt  1stIn  1stWon  2ndWon  SvGms  bpSaved  \\\n",
       "0    R  23.7  10.0   9.0  104.0   64.0    41.0    24.0   15.0      6.0   \n",
       "1    R  21.7   3.0   7.0  109.0   60.0    40.0    20.0   14.0      9.0   \n",
       "2    R  29.1   7.0   4.0   97.0   55.0    43.0    17.0   14.0      8.0   \n",
       "3    R  28.8   5.0   4.0   91.0   62.0    40.0    13.0   16.0      1.0   \n",
       "4    L  22.7   3.0  11.0  104.0   65.0    50.0    18.0   15.0      3.0   \n",
       "\n",
       "   bpFaced   rank  rank_points  won surface  draw_size tourney_level  \\\n",
       "0     10.0  172.0        389.0    0    Hard        128             G   \n",
       "1     12.0   54.0        945.0    0   Grass         32             A   \n",
       "2     11.0   10.0       2555.0    0    Hard         32             A   \n",
       "3      6.0   37.0       1103.0    0    Clay         32             A   \n",
       "4      5.0   14.0       2593.0    1    Hard        128             G   \n",
       "\n",
       "   tourney_date  best_of round  minutes  \n",
       "0          2021        5   R64    124.0  \n",
       "1          2018        3   R16    131.0  \n",
       "2          2020        3    SF    141.0  \n",
       "3          2022        3    QF    145.0  \n",
       "4          2022        5   R16    141.0  "
      ]
     },
     "execution_count": 2,
     "metadata": {},
     "output_type": "execute_result"
    }
   ],
   "source": [
    "path = r\"data/tennis_matches.csv\"\n",
    "# path = r\"~/hfactory_magic_folders/course/data/tennis_matches.csv\"\n",
    "matches = pd.read_csv(path)\n",
    "matches.head()"
   ]
  },
  {
   "cell_type": "code",
   "execution_count": 3,
   "metadata": {},
   "outputs": [
    {
     "name": "stdout",
     "output_type": "stream",
     "text": [
      "<class 'pandas.core.frame.DataFrame'>\n",
      "RangeIndex: 27893 entries, 0 to 27892\n",
      "Data columns (total 21 columns):\n",
      " #   Column         Non-Null Count  Dtype  \n",
      "---  ------         --------------  -----  \n",
      " 0   hand           27893 non-null  object \n",
      " 1   age            27893 non-null  float64\n",
      " 2   ace            27893 non-null  float64\n",
      " 3   df             27893 non-null  float64\n",
      " 4   svpt           27893 non-null  float64\n",
      " 5   1stIn          27893 non-null  float64\n",
      " 6   1stWon         27893 non-null  float64\n",
      " 7   2ndWon         27893 non-null  float64\n",
      " 8   SvGms          27893 non-null  float64\n",
      " 9   bpSaved        27893 non-null  float64\n",
      " 10  bpFaced        27893 non-null  float64\n",
      " 11  rank           27893 non-null  float64\n",
      " 12  rank_points    27893 non-null  float64\n",
      " 13  won            27893 non-null  int64  \n",
      " 14  surface        27893 non-null  object \n",
      " 15  draw_size      27893 non-null  int64  \n",
      " 16  tourney_level  27893 non-null  object \n",
      " 17  tourney_date   27893 non-null  int64  \n",
      " 18  best_of        27893 non-null  int64  \n",
      " 19  round          27893 non-null  object \n",
      " 20  minutes        27893 non-null  float64\n",
      "dtypes: float64(13), int64(4), object(4)\n",
      "memory usage: 4.5+ MB\n"
     ]
    }
   ],
   "source": [
    "matches.info()"
   ]
  },
  {
   "cell_type": "markdown",
   "metadata": {
    "id": "NoICb7LdwFJT"
   },
   "source": [
    "### **2.1 Exploratory Data Analysis**\n",
    "\n"
   ]
  },
  {
   "cell_type": "markdown",
   "metadata": {
    "id": "LJ8_uk8VwFJU"
   },
   "source": [
    "We will start by creating two lists with the continuous and categorical variables of our dataset. <br>\n",
    "Note that we are not including `won` in both lists since we shouldn't apply data preprocessing to it"
   ]
  },
  {
   "cell_type": "code",
   "execution_count": 4,
   "metadata": {
    "executionInfo": {
     "elapsed": 6,
     "status": "aborted",
     "timestamp": 1723469147791,
     "user": {
      "displayName": "Pierre-antoine AMIAND-LEROY",
      "userId": "12056388955665945864"
     },
     "user_tz": -120
    },
    "id": "sE6NjrS8wFJU"
   },
   "outputs": [
    {
     "name": "stdout",
     "output_type": "stream",
     "text": [
      "continuous_var=['age', 'ace', 'df', 'svpt', '1stIn', '1stWon', '2ndWon', 'SvGms', 'bpSaved', 'bpFaced', 'rank', 'rank_points', 'draw_size', 'tourney_date', 'best_of', 'minutes']\n",
      "categorical_var=['hand', 'surface', 'tourney_level', 'round']\n"
     ]
    }
   ],
   "source": [
    "# List of continuous variables\n",
    "continuous_var = list(matches.select_dtypes(include=[int, float]).columns)\n",
    "continuous_var.remove(\"won\")\n",
    "print(f\"{continuous_var=}\")\n",
    "# List of categorical variables\n",
    "categorical_var = list(matches.select_dtypes(include=[\"object\"]).columns)\n",
    "print(f\"{categorical_var=}\")"
   ]
  },
  {
   "cell_type": "markdown",
   "metadata": {
    "id": "o4ol9CUcwFJU"
   },
   "source": [
    "**<u>Question 1:</u>** <br>\n",
    "**Compute the correlation matrix of the continuous variables in the dataset with `.corr()`** <br>\n",
    "**Then plot the heatmap of the correlation matrix using `sns.heatmap()`.**\n",
    "\n",
    "**Did you notice any strongly correlated variables ?**\n",
    "\n",
    "*<u>Help</u>: Use `annot=True` in `sns.heatmap()` to show the correlation coefficients.* <br>"
   ]
  },
  {
   "cell_type": "code",
   "execution_count": 5,
   "metadata": {
    "executionInfo": {
     "elapsed": 5,
     "status": "aborted",
     "timestamp": 1723469147791,
     "user": {
      "displayName": "Pierre-antoine AMIAND-LEROY",
      "userId": "12056388955665945864"
     },
     "user_tz": -120
    },
    "id": "RxrqYh-jwVpy"
   },
   "outputs": [
    {
     "data": {
      "text/html": [
       "<div>\n",
       "<style scoped>\n",
       "    .dataframe tbody tr th:only-of-type {\n",
       "        vertical-align: middle;\n",
       "    }\n",
       "\n",
       "    .dataframe tbody tr th {\n",
       "        vertical-align: top;\n",
       "    }\n",
       "\n",
       "    .dataframe thead th {\n",
       "        text-align: right;\n",
       "    }\n",
       "</style>\n",
       "<table border=\"1\" class=\"dataframe\">\n",
       "  <thead>\n",
       "    <tr style=\"text-align: right;\">\n",
       "      <th></th>\n",
       "      <th>age</th>\n",
       "      <th>ace</th>\n",
       "      <th>df</th>\n",
       "      <th>svpt</th>\n",
       "      <th>1stIn</th>\n",
       "      <th>1stWon</th>\n",
       "      <th>2ndWon</th>\n",
       "      <th>SvGms</th>\n",
       "      <th>bpSaved</th>\n",
       "      <th>bpFaced</th>\n",
       "      <th>rank</th>\n",
       "      <th>rank_points</th>\n",
       "      <th>draw_size</th>\n",
       "      <th>tourney_date</th>\n",
       "      <th>best_of</th>\n",
       "      <th>minutes</th>\n",
       "    </tr>\n",
       "  </thead>\n",
       "  <tbody>\n",
       "    <tr>\n",
       "      <th>age</th>\n",
       "      <td>1.000000</td>\n",
       "      <td>0.036933</td>\n",
       "      <td>-0.010502</td>\n",
       "      <td>0.008810</td>\n",
       "      <td>-0.003148</td>\n",
       "      <td>0.008155</td>\n",
       "      <td>0.023273</td>\n",
       "      <td>0.013611</td>\n",
       "      <td>-0.002354</td>\n",
       "      <td>-0.004851</td>\n",
       "      <td>-0.106204</td>\n",
       "      <td>0.073774</td>\n",
       "      <td>0.039571</td>\n",
       "      <td>-0.061142</td>\n",
       "      <td>0.025766</td>\n",
       "      <td>0.008936</td>\n",
       "    </tr>\n",
       "    <tr>\n",
       "      <th>ace</th>\n",
       "      <td>0.036933</td>\n",
       "      <td>1.000000</td>\n",
       "      <td>0.236955</td>\n",
       "      <td>0.396075</td>\n",
       "      <td>0.384206</td>\n",
       "      <td>0.539365</td>\n",
       "      <td>0.353316</td>\n",
       "      <td>0.461027</td>\n",
       "      <td>0.029844</td>\n",
       "      <td>-0.064907</td>\n",
       "      <td>-0.101930</td>\n",
       "      <td>0.090473</td>\n",
       "      <td>0.166426</td>\n",
       "      <td>-0.036021</td>\n",
       "      <td>0.238564</td>\n",
       "      <td>0.339034</td>\n",
       "    </tr>\n",
       "    <tr>\n",
       "      <th>df</th>\n",
       "      <td>-0.010502</td>\n",
       "      <td>0.236955</td>\n",
       "      <td>1.000000</td>\n",
       "      <td>0.439800</td>\n",
       "      <td>0.314248</td>\n",
       "      <td>0.316142</td>\n",
       "      <td>0.358070</td>\n",
       "      <td>0.387704</td>\n",
       "      <td>0.310666</td>\n",
       "      <td>0.357553</td>\n",
       "      <td>0.035287</td>\n",
       "      <td>-0.047711</td>\n",
       "      <td>0.191173</td>\n",
       "      <td>-0.046024</td>\n",
       "      <td>0.239321</td>\n",
       "      <td>0.368010</td>\n",
       "    </tr>\n",
       "    <tr>\n",
       "      <th>svpt</th>\n",
       "      <td>0.008810</td>\n",
       "      <td>0.396075</td>\n",
       "      <td>0.439800</td>\n",
       "      <td>1.000000</td>\n",
       "      <td>0.948219</td>\n",
       "      <td>0.903000</td>\n",
       "      <td>0.789198</td>\n",
       "      <td>0.939069</td>\n",
       "      <td>0.572540</td>\n",
       "      <td>0.575460</td>\n",
       "      <td>-0.001419</td>\n",
       "      <td>-0.015469</td>\n",
       "      <td>0.380051</td>\n",
       "      <td>-0.026932</td>\n",
       "      <td>0.539316</td>\n",
       "      <td>0.916996</td>\n",
       "    </tr>\n",
       "    <tr>\n",
       "      <th>1stIn</th>\n",
       "      <td>-0.003148</td>\n",
       "      <td>0.384206</td>\n",
       "      <td>0.314248</td>\n",
       "      <td>0.948219</td>\n",
       "      <td>1.000000</td>\n",
       "      <td>0.945490</td>\n",
       "      <td>0.618397</td>\n",
       "      <td>0.900934</td>\n",
       "      <td>0.519787</td>\n",
       "      <td>0.509442</td>\n",
       "      <td>-0.012756</td>\n",
       "      <td>0.013367</td>\n",
       "      <td>0.352217</td>\n",
       "      <td>0.002486</td>\n",
       "      <td>0.513753</td>\n",
       "      <td>0.872407</td>\n",
       "    </tr>\n",
       "    <tr>\n",
       "      <th>1stWon</th>\n",
       "      <td>0.008155</td>\n",
       "      <td>0.539365</td>\n",
       "      <td>0.316142</td>\n",
       "      <td>0.903000</td>\n",
       "      <td>0.945490</td>\n",
       "      <td>1.000000</td>\n",
       "      <td>0.630757</td>\n",
       "      <td>0.906431</td>\n",
       "      <td>0.385097</td>\n",
       "      <td>0.308520</td>\n",
       "      <td>-0.060088</td>\n",
       "      <td>0.069425</td>\n",
       "      <td>0.338087</td>\n",
       "      <td>-0.008069</td>\n",
       "      <td>0.492928</td>\n",
       "      <td>0.838566</td>\n",
       "    </tr>\n",
       "    <tr>\n",
       "      <th>2ndWon</th>\n",
       "      <td>0.023273</td>\n",
       "      <td>0.353316</td>\n",
       "      <td>0.358070</td>\n",
       "      <td>0.789198</td>\n",
       "      <td>0.618397</td>\n",
       "      <td>0.630757</td>\n",
       "      <td>1.000000</td>\n",
       "      <td>0.782013</td>\n",
       "      <td>0.366545</td>\n",
       "      <td>0.308005</td>\n",
       "      <td>-0.026841</td>\n",
       "      <td>0.003589</td>\n",
       "      <td>0.316004</td>\n",
       "      <td>-0.067477</td>\n",
       "      <td>0.427390</td>\n",
       "      <td>0.745172</td>\n",
       "    </tr>\n",
       "    <tr>\n",
       "      <th>SvGms</th>\n",
       "      <td>0.013611</td>\n",
       "      <td>0.461027</td>\n",
       "      <td>0.387704</td>\n",
       "      <td>0.939069</td>\n",
       "      <td>0.900934</td>\n",
       "      <td>0.906431</td>\n",
       "      <td>0.782013</td>\n",
       "      <td>1.000000</td>\n",
       "      <td>0.379990</td>\n",
       "      <td>0.406292</td>\n",
       "      <td>-0.031165</td>\n",
       "      <td>0.031182</td>\n",
       "      <td>0.422933</td>\n",
       "      <td>-0.029048</td>\n",
       "      <td>0.595988</td>\n",
       "      <td>0.904794</td>\n",
       "    </tr>\n",
       "    <tr>\n",
       "      <th>bpSaved</th>\n",
       "      <td>-0.002354</td>\n",
       "      <td>0.029844</td>\n",
       "      <td>0.310666</td>\n",
       "      <td>0.572540</td>\n",
       "      <td>0.519787</td>\n",
       "      <td>0.385097</td>\n",
       "      <td>0.366545</td>\n",
       "      <td>0.379990</td>\n",
       "      <td>1.000000</td>\n",
       "      <td>0.919732</td>\n",
       "      <td>0.058937</td>\n",
       "      <td>-0.089028</td>\n",
       "      <td>0.177194</td>\n",
       "      <td>-0.004698</td>\n",
       "      <td>0.251188</td>\n",
       "      <td>0.460826</td>\n",
       "    </tr>\n",
       "    <tr>\n",
       "      <th>bpFaced</th>\n",
       "      <td>-0.004851</td>\n",
       "      <td>-0.064907</td>\n",
       "      <td>0.357553</td>\n",
       "      <td>0.575460</td>\n",
       "      <td>0.509442</td>\n",
       "      <td>0.308520</td>\n",
       "      <td>0.308005</td>\n",
       "      <td>0.406292</td>\n",
       "      <td>0.919732</td>\n",
       "      <td>1.000000</td>\n",
       "      <td>0.101906</td>\n",
       "      <td>-0.137135</td>\n",
       "      <td>0.217743</td>\n",
       "      <td>-0.003651</td>\n",
       "      <td>0.304909</td>\n",
       "      <td>0.483176</td>\n",
       "    </tr>\n",
       "    <tr>\n",
       "      <th>rank</th>\n",
       "      <td>-0.106204</td>\n",
       "      <td>-0.101930</td>\n",
       "      <td>0.035287</td>\n",
       "      <td>-0.001419</td>\n",
       "      <td>-0.012756</td>\n",
       "      <td>-0.060088</td>\n",
       "      <td>-0.026841</td>\n",
       "      <td>-0.031165</td>\n",
       "      <td>0.058937</td>\n",
       "      <td>0.101906</td>\n",
       "      <td>1.000000</td>\n",
       "      <td>-0.357306</td>\n",
       "      <td>-0.156669</td>\n",
       "      <td>-0.035372</td>\n",
       "      <td>-0.012352</td>\n",
       "      <td>-0.035935</td>\n",
       "    </tr>\n",
       "    <tr>\n",
       "      <th>rank_points</th>\n",
       "      <td>0.073774</td>\n",
       "      <td>0.090473</td>\n",
       "      <td>-0.047711</td>\n",
       "      <td>-0.015469</td>\n",
       "      <td>0.013367</td>\n",
       "      <td>0.069425</td>\n",
       "      <td>0.003589</td>\n",
       "      <td>0.031182</td>\n",
       "      <td>-0.089028</td>\n",
       "      <td>-0.137135</td>\n",
       "      <td>-0.357306</td>\n",
       "      <td>1.000000</td>\n",
       "      <td>0.130001</td>\n",
       "      <td>0.059626</td>\n",
       "      <td>0.072972</td>\n",
       "      <td>0.053371</td>\n",
       "    </tr>\n",
       "    <tr>\n",
       "      <th>draw_size</th>\n",
       "      <td>0.039571</td>\n",
       "      <td>0.166426</td>\n",
       "      <td>0.191173</td>\n",
       "      <td>0.380051</td>\n",
       "      <td>0.352217</td>\n",
       "      <td>0.338087</td>\n",
       "      <td>0.316004</td>\n",
       "      <td>0.422933</td>\n",
       "      <td>0.177194</td>\n",
       "      <td>0.217743</td>\n",
       "      <td>-0.156669</td>\n",
       "      <td>0.130001</td>\n",
       "      <td>1.000000</td>\n",
       "      <td>0.003940</td>\n",
       "      <td>0.711548</td>\n",
       "      <td>0.355047</td>\n",
       "    </tr>\n",
       "    <tr>\n",
       "      <th>tourney_date</th>\n",
       "      <td>-0.061142</td>\n",
       "      <td>-0.036021</td>\n",
       "      <td>-0.046024</td>\n",
       "      <td>-0.026932</td>\n",
       "      <td>0.002486</td>\n",
       "      <td>-0.008069</td>\n",
       "      <td>-0.067477</td>\n",
       "      <td>-0.029048</td>\n",
       "      <td>-0.004698</td>\n",
       "      <td>-0.003651</td>\n",
       "      <td>-0.035372</td>\n",
       "      <td>0.059626</td>\n",
       "      <td>0.003940</td>\n",
       "      <td>1.000000</td>\n",
       "      <td>-0.042655</td>\n",
       "      <td>0.059690</td>\n",
       "    </tr>\n",
       "    <tr>\n",
       "      <th>best_of</th>\n",
       "      <td>0.025766</td>\n",
       "      <td>0.238564</td>\n",
       "      <td>0.239321</td>\n",
       "      <td>0.539316</td>\n",
       "      <td>0.513753</td>\n",
       "      <td>0.492928</td>\n",
       "      <td>0.427390</td>\n",
       "      <td>0.595988</td>\n",
       "      <td>0.251188</td>\n",
       "      <td>0.304909</td>\n",
       "      <td>-0.012352</td>\n",
       "      <td>0.072972</td>\n",
       "      <td>0.711548</td>\n",
       "      <td>-0.042655</td>\n",
       "      <td>1.000000</td>\n",
       "      <td>0.491932</td>\n",
       "    </tr>\n",
       "    <tr>\n",
       "      <th>minutes</th>\n",
       "      <td>0.008936</td>\n",
       "      <td>0.339034</td>\n",
       "      <td>0.368010</td>\n",
       "      <td>0.916996</td>\n",
       "      <td>0.872407</td>\n",
       "      <td>0.838566</td>\n",
       "      <td>0.745172</td>\n",
       "      <td>0.904794</td>\n",
       "      <td>0.460826</td>\n",
       "      <td>0.483176</td>\n",
       "      <td>-0.035935</td>\n",
       "      <td>0.053371</td>\n",
       "      <td>0.355047</td>\n",
       "      <td>0.059690</td>\n",
       "      <td>0.491932</td>\n",
       "      <td>1.000000</td>\n",
       "    </tr>\n",
       "  </tbody>\n",
       "</table>\n",
       "</div>"
      ],
      "text/plain": [
       "                   age       ace        df      svpt     1stIn    1stWon  \\\n",
       "age           1.000000  0.036933 -0.010502  0.008810 -0.003148  0.008155   \n",
       "ace           0.036933  1.000000  0.236955  0.396075  0.384206  0.539365   \n",
       "df           -0.010502  0.236955  1.000000  0.439800  0.314248  0.316142   \n",
       "svpt          0.008810  0.396075  0.439800  1.000000  0.948219  0.903000   \n",
       "1stIn        -0.003148  0.384206  0.314248  0.948219  1.000000  0.945490   \n",
       "1stWon        0.008155  0.539365  0.316142  0.903000  0.945490  1.000000   \n",
       "2ndWon        0.023273  0.353316  0.358070  0.789198  0.618397  0.630757   \n",
       "SvGms         0.013611  0.461027  0.387704  0.939069  0.900934  0.906431   \n",
       "bpSaved      -0.002354  0.029844  0.310666  0.572540  0.519787  0.385097   \n",
       "bpFaced      -0.004851 -0.064907  0.357553  0.575460  0.509442  0.308520   \n",
       "rank         -0.106204 -0.101930  0.035287 -0.001419 -0.012756 -0.060088   \n",
       "rank_points   0.073774  0.090473 -0.047711 -0.015469  0.013367  0.069425   \n",
       "draw_size     0.039571  0.166426  0.191173  0.380051  0.352217  0.338087   \n",
       "tourney_date -0.061142 -0.036021 -0.046024 -0.026932  0.002486 -0.008069   \n",
       "best_of       0.025766  0.238564  0.239321  0.539316  0.513753  0.492928   \n",
       "minutes       0.008936  0.339034  0.368010  0.916996  0.872407  0.838566   \n",
       "\n",
       "                2ndWon     SvGms   bpSaved   bpFaced      rank  rank_points  \\\n",
       "age           0.023273  0.013611 -0.002354 -0.004851 -0.106204     0.073774   \n",
       "ace           0.353316  0.461027  0.029844 -0.064907 -0.101930     0.090473   \n",
       "df            0.358070  0.387704  0.310666  0.357553  0.035287    -0.047711   \n",
       "svpt          0.789198  0.939069  0.572540  0.575460 -0.001419    -0.015469   \n",
       "1stIn         0.618397  0.900934  0.519787  0.509442 -0.012756     0.013367   \n",
       "1stWon        0.630757  0.906431  0.385097  0.308520 -0.060088     0.069425   \n",
       "2ndWon        1.000000  0.782013  0.366545  0.308005 -0.026841     0.003589   \n",
       "SvGms         0.782013  1.000000  0.379990  0.406292 -0.031165     0.031182   \n",
       "bpSaved       0.366545  0.379990  1.000000  0.919732  0.058937    -0.089028   \n",
       "bpFaced       0.308005  0.406292  0.919732  1.000000  0.101906    -0.137135   \n",
       "rank         -0.026841 -0.031165  0.058937  0.101906  1.000000    -0.357306   \n",
       "rank_points   0.003589  0.031182 -0.089028 -0.137135 -0.357306     1.000000   \n",
       "draw_size     0.316004  0.422933  0.177194  0.217743 -0.156669     0.130001   \n",
       "tourney_date -0.067477 -0.029048 -0.004698 -0.003651 -0.035372     0.059626   \n",
       "best_of       0.427390  0.595988  0.251188  0.304909 -0.012352     0.072972   \n",
       "minutes       0.745172  0.904794  0.460826  0.483176 -0.035935     0.053371   \n",
       "\n",
       "              draw_size  tourney_date   best_of   minutes  \n",
       "age            0.039571     -0.061142  0.025766  0.008936  \n",
       "ace            0.166426     -0.036021  0.238564  0.339034  \n",
       "df             0.191173     -0.046024  0.239321  0.368010  \n",
       "svpt           0.380051     -0.026932  0.539316  0.916996  \n",
       "1stIn          0.352217      0.002486  0.513753  0.872407  \n",
       "1stWon         0.338087     -0.008069  0.492928  0.838566  \n",
       "2ndWon         0.316004     -0.067477  0.427390  0.745172  \n",
       "SvGms          0.422933     -0.029048  0.595988  0.904794  \n",
       "bpSaved        0.177194     -0.004698  0.251188  0.460826  \n",
       "bpFaced        0.217743     -0.003651  0.304909  0.483176  \n",
       "rank          -0.156669     -0.035372 -0.012352 -0.035935  \n",
       "rank_points    0.130001      0.059626  0.072972  0.053371  \n",
       "draw_size      1.000000      0.003940  0.711548  0.355047  \n",
       "tourney_date   0.003940      1.000000 -0.042655  0.059690  \n",
       "best_of        0.711548     -0.042655  1.000000  0.491932  \n",
       "minutes        0.355047      0.059690  0.491932  1.000000  "
      ]
     },
     "execution_count": 5,
     "metadata": {},
     "output_type": "execute_result"
    }
   ],
   "source": [
    "matches[continuous_var].corr()"
   ]
  },
  {
   "cell_type": "code",
   "execution_count": 6,
   "metadata": {
    "executionInfo": {
     "elapsed": 5,
     "status": "aborted",
     "timestamp": 1723469147791,
     "user": {
      "displayName": "Pierre-antoine AMIAND-LEROY",
      "userId": "12056388955665945864"
     },
     "user_tz": -120
    },
    "id": "LXIfrJV5wVmp"
   },
   "outputs": [
    {
     "data": {
